arch	circuit	script_params	vtr_flow_elapsed_time	vtr_max_mem_stage	vtr_max_mem	error	odin_synth_time	max_odin_mem	parmys_synth_time	max_parmys_mem	abc_depth	abc_synth_time	abc_cec_time	abc_sec_time	max_abc_mem	ace_time	max_ace_mem	num_clb	num_io	num_memories	num_mult	vpr_status	vpr_revision	vpr_build_info	vpr_compiler	vpr_compiled	hostname	rundir	max_vpr_mem	num_primary_inputs	num_primary_outputs	num_pre_packed_nets	num_pre_packed_blocks	num_netlist_clocks	num_post_packed_nets	num_post_packed_blocks	device_width	device_height	device_grid_tiles	device_limiting_resources	device_name	pack_mem	pack_time	placed_wirelength_est	total_swap	accepted_swap	rejected_swap	aborted_swap	place_mem	place_time	place_quench_time	placed_CPD_est	placed_setup_TNS_est	placed_setup_WNS_est	placed_geomean_nonvirtual_intradomain_critical_path_delay_est	place_delay_matrix_lookup_time	place_quench_timing_analysis_time	place_quench_sta_time	place_total_timing_analysis_time	place_total_sta_time	min_chan_width	routed_wirelength	min_chan_width_route_success_iteration	logic_block_area_total	logic_block_area_used	min_chan_width_routing_area_total	min_chan_width_routing_area_per_tile	min_chan_width_route_time	min_chan_width_total_timing_analysis_time	min_chan_width_total_sta_time	crit_path_num_rr_graph_nodes	crit_path_num_rr_graph_edges	crit_path_collapsed_nodes	crit_path_routed_wirelength	crit_path_route_success_iteration	crit_path_total_nets_routed	crit_path_total_connections_routed	crit_path_total_heap_pushes	crit_path_total_heap_pops	critical_path_delay	geomean_nonvirtual_intradomain_critical_path_delay	setup_TNS	setup_WNS	hold_TNS	hold_WNS	crit_path_routing_area_total	crit_path_routing_area_per_tile	router_lookahead_computation_time	crit_path_route_time	crit_path_create_rr_graph_time	crit_path_create_intra_cluster_rr_graph_time	crit_path_tile_lookahead_computation_time	crit_path_router_lookahead_computation_time	crit_path_total_timing_analysis_time	crit_path_total_sta_time	
k6_N10_mem32K_40nm.xml	blob_merge.v	common	46.62	parmys	288.93 MiB		-1	-1	11.04	295864	7	11.24	-1	-1	61096	-1	-1	716	36	0	0	success	v8.0.0-9695-g109c5adcc	release IPO VTR_ASSERT_LEVEL=2	GNU 11.2.0 on Linux-4.18.0-348.el8.0.2.x86_64 x86_64	2024-02-23T09:38:13	sc110	/home/yliu1047/RC/lab3/part1	205120	36	100	6840	6940	1	3421	852	34	34	1156	clb	auto	85.2 MiB	1.61	51883	372256	111649	238581	22026	200.3 MiB	4.65	0.05	5.56878	-2170.67	-5.56878	5.56878	0.30	0.0132266	0.0115159	1.36986	1.19969	-1	66877	20	6.50233e+07	3.85883e+07	1.88769e+07	16329.5	1.90	2.16367	1.90816	-1	-1	-1	-1	-1	-1	-1	-1	-1	-1	-1	-1	-1	-1	-1	-1	-1	-1	-1	-1	-1	-1	-1	-1	-1	
k6_N10_mem32K_40nm.xml	blob_merge.v	common_--reorder_rr_graph_nodes_algorithm_random_shuffle	47.80	parmys	288.49 MiB		-1	-1	11.42	295416	7	11.43	-1	-1	61096	-1	-1	716	36	0	0	success	v8.0.0-9695-g109c5adcc	release IPO VTR_ASSERT_LEVEL=2	GNU 11.2.0 on Linux-4.18.0-348.el8.0.2.x86_64 x86_64	2024-02-23T09:38:13	sc110	/home/yliu1047/RC/lab3/part1	205120	36	100	6840	6940	1	3421	852	34	34	1156	clb	auto	85.2 MiB	1.64	51883	372256	111649	238581	22026	200.3 MiB	4.51	0.04	5.56878	-2170.67	-5.56878	5.56878	0.28	0.0111947	0.00970896	1.28397	1.12143	-1	66877	20	6.50233e+07	3.85883e+07	1.88769e+07	16329.5	1.77	2.0398	1.79828	-1	-1	-1	-1	-1	-1	-1	-1	-1	-1	-1	-1	-1	-1	-1	-1	-1	-1	-1	-1	-1	-1	-1	-1	-1	
k6_N10_mem32K_40nm.xml	or1200.v	common	23.78	vpr	131.24 MiB		-1	-1	3.76	68840	27	3.79	-1	-1	44612	-1	-1	298	385	2	1	success	v8.0.0-9695-g109c5adcc	release IPO VTR_ASSERT_LEVEL=2	GNU 11.2.0 on Linux-4.18.0-348.el8.0.2.x86_64 x86_64	2024-02-23T09:38:13	sc110	/home/yliu1047/RC/lab3/part1	134388	385	394	3884	4215	1	2363	1080	27	27	729	io	auto	55.7 MiB	0.99	32346	604831	219280	360250	25301	131.2 MiB	3.35	0.04	12.7316	-12093.6	-12.7316	12.7316	0.16	0.00892854	0.00827603	0.902416	0.824279	-1	42274	37	3.93038e+07	1.75524e+07	1.16794e+07	16021.1	2.23	1.60246	1.46885	-1	-1	-1	-1	-1	-1	-1	-1	-1	-1	-1	-1	-1	-1	-1	-1	-1	-1	-1	-1	-1	-1	-1	-1	-1	
k6_N10_mem32K_40nm.xml	or1200.v	common_--reorder_rr_graph_nodes_algorithm_random_shuffle	24.85	vpr	131.33 MiB		-1	-1	3.61	70128	27	3.83	-1	-1	44612	-1	-1	298	385	2	1	success	v8.0.0-9695-g109c5adcc	release IPO VTR_ASSERT_LEVEL=2	GNU 11.2.0 on Linux-4.18.0-348.el8.0.2.x86_64 x86_64	2024-02-23T09:38:13	sc110	/home/yliu1047/RC/lab3/part1	134484	385	394	3884	4215	1	2363	1080	27	27	729	io	auto	55.8 MiB	0.98	32346	604831	219280	360250	25301	131.3 MiB	3.56	0.04	12.7316	-12093.6	-12.7316	12.7316	0.17	0.0112732	0.0104643	1.10984	0.988725	-1	42274	37	3.93038e+07	1.75524e+07	1.16794e+07	16021.1	2.46	1.94382	1.74123	-1	-1	-1	-1	-1	-1	-1	-1	-1	-1	-1	-1	-1	-1	-1	-1	-1	-1	-1	-1	-1	-1	-1	-1	-1	
k6_N10_mem32K_40nm.xml	mkDelayWorker32B.v	common	53.44	vpr	343.38 MiB		-1	-1	8.49	124764	5	3.06	-1	-1	59816	-1	-1	495	506	47	0	success	v8.0.0-9695-g109c5adcc	release IPO VTR_ASSERT_LEVEL=2	GNU 11.2.0 on Linux-4.18.0-348.el8.0.2.x86_64 x86_64	2024-02-23T09:38:13	sc110	/home/yliu1047/RC/lab3/part1	351624	506	553	3055	3608	1	2783	1601	50	50	2500	memory	auto	53.6 MiB	1.99	15314	1190575	574330	423211	193034	343.4 MiB	3.12	0.04	7.13238	-1827.92	-7.13238	7.13238	0.81	0.00948678	0.00870193	1.31907	1.20065	-1	20647	13	1.47946e+08	5.24342e+07	4.18713e+07	16748.5	3.59	1.73667	1.59728	-1	-1	-1	-1	-1	-1	-1	-1	-1	-1	-1	-1	-1	-1	-1	-1	-1	-1	-1	-1	-1	-1	-1	-1	-1	
k6_N10_mem32K_40nm.xml	mkDelayWorker32B.v	common_--reorder_rr_graph_nodes_algorithm_random_shuffle	52.61	vpr	343.12 MiB		-1	-1	8.36	126228	5	3.14	-1	-1	59816	-1	-1	495	506	47	0	success	v8.0.0-9695-g109c5adcc	release IPO VTR_ASSERT_LEVEL=2	GNU 11.2.0 on Linux-4.18.0-348.el8.0.2.x86_64 x86_64	2024-02-23T09:38:13	sc110	/home/yliu1047/RC/lab3/part1	351360	506	553	3055	3608	1	2783	1601	50	50	2500	memory	auto	53.6 MiB	2.01	15314	1190575	574330	423211	193034	343.1 MiB	3.10	0.04	7.13238	-1827.92	-7.13238	7.13238	0.77	0.00977313	0.00886502	1.30837	1.19152	-1	20647	13	1.47946e+08	5.24342e+07	4.18713e+07	16748.5	3.53	1.73013	1.59218	-1	-1	-1	-1	-1	-1	-1	-1	-1	-1	-1	-1	-1	-1	-1	-1	-1	-1	-1	-1	-1	-1	-1	-1	-1	
k6_N10_mem32K_40nm.xml	raygentop.v	common	12.08	vpr	80.28 MiB		-1	-1	2.73	48260	8	1.00	-1	-1	40876	-1	-1	165	235	1	6	success	v8.0.0-9695-g109c5adcc	release IPO VTR_ASSERT_LEVEL=2	GNU 11.2.0 on Linux-4.18.0-348.el8.0.2.x86_64 x86_64	2024-02-23T09:38:13	sc110	/home/yliu1047/RC/lab3/part1	82208	235	305	2594	2755	1	1461	712	19	19	361	io	auto	42.6 MiB	0.57	11985	286732	95398	178485	12849	80.3 MiB	1.23	0.02	4.58767	-2572.37	-4.58767	4.58767	0.06	0.00401443	0.00365748	0.367357	0.332989	-1	17089	21	1.72706e+07	1.18165e+07	5.52167e+06	15295.5	1.36	0.5923	0.542984	-1	-1	-1	-1	-1	-1	-1	-1	-1	-1	-1	-1	-1	-1	-1	-1	-1	-1	-1	-1	-1	-1	-1	-1	-1	
k6_N10_mem32K_40nm.xml	raygentop.v	common_--reorder_rr_graph_nodes_algorithm_random_shuffle	12.29	vpr	80.30 MiB		-1	-1	2.68	48268	8	1.01	-1	-1	40876	-1	-1	165	235	1	6	success	v8.0.0-9695-g109c5adcc	release IPO VTR_ASSERT_LEVEL=2	GNU 11.2.0 on Linux-4.18.0-348.el8.0.2.x86_64 x86_64	2024-02-23T09:38:13	sc110	/home/yliu1047/RC/lab3/part1	82224	235	305	2594	2755	1	1461	712	19	19	361	io	auto	42.9 MiB	0.58	11985	286732	95398	178485	12849	80.3 MiB	1.17	0.02	4.58767	-2572.37	-4.58767	4.58767	0.06	0.00307545	0.00277349	0.308946	0.277735	-1	17089	21	1.72706e+07	1.18165e+07	5.52167e+06	15295.5	1.46	0.575873	0.519503	-1	-1	-1	-1	-1	-1	-1	-1	-1	-1	-1	-1	-1	-1	-1	-1	-1	-1	-1	-1	-1	-1	-1	-1	-1	
k6_N10_mem32K_40nm.xml	mkSMAdapter4B.v	common	13.35	vpr	82.10 MiB		-1	-1	3.94	57804	7	2.06	-1	-1	41112	-1	-1	173	193	5	0	success	v8.0.0-9695-g109c5adcc	release IPO VTR_ASSERT_LEVEL=2	GNU 11.2.0 on Linux-4.18.0-348.el8.0.2.x86_64 x86_64	2024-02-23T09:38:13	sc110	/home/yliu1047/RC/lab3/part1	84068	193	205	2152	2357	1	1192	576	20	20	400	memory	auto	40.6 MiB	0.50	9735	232891	79620	127831	25440	82.1 MiB	0.88	0.01	4.59772	-2704.5	-4.59772	4.59772	0.08	0.00229879	0.00199249	0.25789	0.225635	-1	13127	18	2.07112e+07	1.20637e+07	6.15307e+06	15382.7	0.44	0.444602	0.396885	-1	-1	-1	-1	-1	-1	-1	-1	-1	-1	-1	-1	-1	-1	-1	-1	-1	-1	-1	-1	-1	-1	-1	-1	-1	
k6_N10_mem32K_40nm.xml	mkSMAdapter4B.v	common_--reorder_rr_graph_nodes_algorithm_random_shuffle	13.60	vpr	82.09 MiB		-1	-1	3.88	57064	7	2.00	-1	-1	41112	-1	-1	173	193	5	0	success	v8.0.0-9695-g109c5adcc	release IPO VTR_ASSERT_LEVEL=2	GNU 11.2.0 on Linux-4.18.0-348.el8.0.2.x86_64 x86_64	2024-02-23T09:38:13	sc110	/home/yliu1047/RC/lab3/part1	84060	193	205	2152	2357	1	1192	576	20	20	400	memory	auto	40.6 MiB	0.50	9735	232891	79620	127831	25440	82.1 MiB	0.95	0.01	4.59772	-2704.5	-4.59772	4.59772	0.08	0.00230505	0.00200779	0.303489	0.267265	-1	13127	18	2.07112e+07	1.20637e+07	6.15307e+06	15382.7	0.47	0.503947	0.450107	-1	-1	-1	-1	-1	-1	-1	-1	-1	-1	-1	-1	-1	-1	-1	-1	-1	-1	-1	-1	-1	-1	-1	-1	-1	
k6_N10_mem32K_40nm.xml	sha.v	common	10.11	vpr	81.19 MiB		-1	-1	1.75	49300	21	2.01	-1	-1	44044	-1	-1	168	38	0	0	success	v8.0.0-9695-g109c5adcc	release IPO VTR_ASSERT_LEVEL=2	GNU 11.2.0 on Linux-4.18.0-348.el8.0.2.x86_64 x86_64	2024-02-23T09:38:13	sc110	/home/yliu1047/RC/lab3/part1	83140	38	36	2570	2606	1	1079	242	18	18	324	clb	auto	43.7 MiB	0.61	9990	49940	12113	34960	2867	81.2 MiB	0.53	0.01	12.2668	-2547.69	-12.2668	12.2668	0.05	0.00192047	0.00163007	0.191246	0.162594	-1	12772	24	1.57076e+07	9.05419e+06	4.92243e+06	15192.7	0.38	0.394248	0.34375	-1	-1	-1	-1	-1	-1	-1	-1	-1	-1	-1	-1	-1	-1	-1	-1	-1	-1	-1	-1	-1	-1	-1	-1	-1	
k6_N10_mem32K_40nm.xml	sha.v	common_--reorder_rr_graph_nodes_algorithm_random_shuffle	10.04	vpr	80.89 MiB		-1	-1	1.77	49464	21	2.00	-1	-1	44044	-1	-1	168	38	0	0	success	v8.0.0-9695-g109c5adcc	release IPO VTR_ASSERT_LEVEL=2	GNU 11.2.0 on Linux-4.18.0-348.el8.0.2.x86_64 x86_64	2024-02-23T09:38:13	sc110	/home/yliu1047/RC/lab3/part1	82832	38	36	2570	2606	1	1079	242	18	18	324	clb	auto	43.7 MiB	0.63	9990	49940	12113	34960	2867	80.9 MiB	0.49	0.01	12.2668	-2547.69	-12.2668	12.2668	0.05	0.00183734	0.00154588	0.16525	0.139715	-1	12772	24	1.57076e+07	9.05419e+06	4.92243e+06	15192.7	0.38	0.387045	0.337386	-1	-1	-1	-1	-1	-1	-1	-1	-1	-1	-1	-1	-1	-1	-1	-1	-1	-1	-1	-1	-1	-1	-1	-1	-1	
k6_N10_mem32K_40nm.xml	spree.v	common	6.66	vpr	71.32 MiB		-1	-1	1.55	35484	16	0.51	-1	-1	38136	-1	-1	77	45	3	1	success	v8.0.0-9695-g109c5adcc	release IPO VTR_ASSERT_LEVEL=2	GNU 11.2.0 on Linux-4.18.0-348.el8.0.2.x86_64 x86_64	2024-02-23T09:38:13	sc110	/home/yliu1047/RC/lab3/part1	73036	45	32	1125	1142	1	748	158	14	14	196	memory	auto	33.3 MiB	0.32	6810	26205	6837	17133	2235	71.3 MiB	0.23	0.00	9.93897	-6497.75	-9.93897	9.93897	0.02	0.000984382	0.000817709	0.0781145	0.0650423	-1	9303	25	9.20055e+06	6.18984e+06	2.86448e+06	14614.7	1.07	0.203049	0.176315	-1	-1	-1	-1	-1	-1	-1	-1	-1	-1	-1	-1	-1	-1	-1	-1	-1	-1	-1	-1	-1	-1	-1	-1	-1	
k6_N10_mem32K_40nm.xml	spree.v	common_--reorder_rr_graph_nodes_algorithm_random_shuffle	7.15	vpr	71.36 MiB		-1	-1	1.59	35524	16	0.51	-1	-1	38136	-1	-1	77	45	3	1	success	v8.0.0-9695-g109c5adcc	release IPO VTR_ASSERT_LEVEL=2	GNU 11.2.0 on Linux-4.18.0-348.el8.0.2.x86_64 x86_64	2024-02-23T09:38:13	sc110	/home/yliu1047/RC/lab3/part1	73068	45	32	1125	1142	1	748	158	14	14	196	memory	auto	33.6 MiB	0.31	6810	26205	6837	17133	2235	71.4 MiB	0.24	0.00	9.93897	-6497.75	-9.93897	9.93897	0.03	0.000996325	0.000826816	0.0849662	0.0715038	-1	9303	25	9.20055e+06	6.18984e+06	2.86448e+06	14614.7	1.13	0.202468	0.175842	-1	-1	-1	-1	-1	-1	-1	-1	-1	-1	-1	-1	-1	-1	-1	-1	-1	-1	-1	-1	-1	-1	-1	-1	-1	
k6_N10_mem32K_40nm.xml	mkPktMerge.v	common	14.56	vpr	122.61 MiB		-1	-1	0.63	29292	2	0.19	-1	-1	37424	-1	-1	32	311	15	0	success	v8.0.0-9695-g109c5adcc	release IPO VTR_ASSERT_LEVEL=2	GNU 11.2.0 on Linux-4.18.0-348.el8.0.2.x86_64 x86_64	2024-02-23T09:38:13	sc110	/home/yliu1047/RC/lab3/part1	125552	311	156	972	1128	1	953	514	28	28	784	memory	auto	33.1 MiB	0.34	8820	206314	76097	120771	9446	122.6 MiB	0.58	0.01	4.03081	-4026.72	-4.03081	4.03081	0.16	0.00207041	0.00180737	0.22983	0.201018	-1	11734	15	4.25198e+07	9.94461e+06	1.25107e+07	15957.6	4.06	0.350872	0.313014	-1	-1	-1	-1	-1	-1	-1	-1	-1	-1	-1	-1	-1	-1	-1	-1	-1	-1	-1	-1	-1	-1	-1	-1	-1	
k6_N10_mem32K_40nm.xml	mkPktMerge.v	common_--reorder_rr_graph_nodes_algorithm_random_shuffle	14.68	vpr	122.61 MiB		-1	-1	0.62	29392	2	0.16	-1	-1	37424	-1	-1	32	311	15	0	success	v8.0.0-9695-g109c5adcc	release IPO VTR_ASSERT_LEVEL=2	GNU 11.2.0 on Linux-4.18.0-348.el8.0.2.x86_64 x86_64	2024-02-23T09:38:13	sc110	/home/yliu1047/RC/lab3/part1	125548	311	156	972	1128	1	953	514	28	28	784	memory	auto	33.1 MiB	0.32	8820	206314	76097	120771	9446	122.6 MiB	0.57	0.01	4.03081	-4026.72	-4.03081	4.03081	0.16	0.0020436	0.001783	0.221468	0.192533	-1	11734	15	4.25198e+07	9.94461e+06	1.25107e+07	15957.6	3.78	0.328489	0.291815	-1	-1	-1	-1	-1	-1	-1	-1	-1	-1	-1	-1	-1	-1	-1	-1	-1	-1	-1	-1	-1	-1	-1	-1	-1	
k6_N10_mem32K_40nm.xml	boundtop.v	common	10.84	vpr	69.62 MiB		-1	-1	6.66	35052	4	0.27	-1	-1	37436	-1	-1	63	195	1	0	success	v8.0.0-9695-g109c5adcc	release IPO VTR_ASSERT_LEVEL=2	GNU 11.2.0 on Linux-4.18.0-348.el8.0.2.x86_64 x86_64	2024-02-23T09:38:13	sc110	/home/yliu1047/RC/lab3/part1	71296	195	193	1088	1281	1	597	452	15	15	225	io	auto	31.5 MiB	0.21	2604	128768	31486	86557	10725	69.6 MiB	0.32	0.00	2.22041	-985.353	-2.22041	2.22041	0.03	0.00121211	0.00110816	0.103998	0.094773	-1	3650	17	1.03862e+07	3.94332e+06	3.32489e+06	14777.3	0.15	0.17286	0.159761	-1	-1	-1	-1	-1	-1	-1	-1	-1	-1	-1	-1	-1	-1	-1	-1	-1	-1	-1	-1	-1	-1	-1	-1	-1	
k6_N10_mem32K_40nm.xml	boundtop.v	common_--reorder_rr_graph_nodes_algorithm_random_shuffle	11.44	vpr	69.62 MiB		-1	-1	7.14	35136	4	0.29	-1	-1	37436	-1	-1	63	195	1	0	success	v8.0.0-9695-g109c5adcc	release IPO VTR_ASSERT_LEVEL=2	GNU 11.2.0 on Linux-4.18.0-348.el8.0.2.x86_64 x86_64	2024-02-23T09:38:13	sc110	/home/yliu1047/RC/lab3/part1	71292	195	193	1088	1281	1	597	452	15	15	225	io	auto	31.5 MiB	0.20	2604	128768	31486	86557	10725	69.6 MiB	0.31	0.00	2.22041	-985.353	-2.22041	2.22041	0.03	0.00122493	0.0011186	0.101459	0.0922369	-1	3650	17	1.03862e+07	3.94332e+06	3.32489e+06	14777.3	0.15	0.171295	0.158147	-1	-1	-1	-1	-1	-1	-1	-1	-1	-1	-1	-1	-1	-1	-1	-1	-1	-1	-1	-1	-1	-1	-1	-1	-1	
k6_N10_mem32K_40nm.xml	diffeq1.v	common	5.16	vpr	69.47 MiB		-1	-1	0.28	26632	15	0.37	-1	-1	37300	-1	-1	52	162	0	5	success	v8.0.0-9695-g109c5adcc	release IPO VTR_ASSERT_LEVEL=2	GNU 11.2.0 on Linux-4.18.0-348.el8.0.2.x86_64 x86_64	2024-02-23T09:38:13	sc110	/home/yliu1047/RC/lab3/part1	71140	162	96	994	935	1	709	315	16	16	256	mult_36	auto	31.3 MiB	0.21	5385	92421	27948	56426	8047	69.5 MiB	0.32	0.01	19.8576	-1590.28	-19.8576	19.8576	0.03	0.00102896	0.000932325	0.104702	0.0951775	-1	7879	18	1.21132e+07	4.78249e+06	3.79414e+06	14820.8	0.46	0.182335	0.16849	-1	-1	-1	-1	-1	-1	-1	-1	-1	-1	-1	-1	-1	-1	-1	-1	-1	-1	-1	-1	-1	-1	-1	-1	-1	
k6_N10_mem32K_40nm.xml	diffeq1.v	common_--reorder_rr_graph_nodes_algorithm_random_shuffle	5.19	vpr	69.46 MiB		-1	-1	0.28	26616	15	0.37	-1	-1	37300	-1	-1	52	162	0	5	success	v8.0.0-9695-g109c5adcc	release IPO VTR_ASSERT_LEVEL=2	GNU 11.2.0 on Linux-4.18.0-348.el8.0.2.x86_64 x86_64	2024-02-23T09:38:13	sc110	/home/yliu1047/RC/lab3/part1	71132	162	96	994	935	1	709	315	16	16	256	mult_36	auto	31.3 MiB	0.20	5385	92421	27948	56426	8047	69.5 MiB	0.31	0.00	19.8576	-1590.28	-19.8576	19.8576	0.03	0.0010331	0.000932996	0.100781	0.0913788	-1	7879	18	1.21132e+07	4.78249e+06	3.79414e+06	14820.8	0.43	0.171353	0.157765	-1	-1	-1	-1	-1	-1	-1	-1	-1	-1	-1	-1	-1	-1	-1	-1	-1	-1	-1	-1	-1	-1	-1	-1	-1	
k6_N10_mem32K_40nm.xml	diffeq2.v	common	4.62	vpr	67.43 MiB		-1	-1	0.21	25468	16	0.26	-1	-1	36792	-1	-1	33	66	0	5	success	v8.0.0-9695-g109c5adcc	release IPO VTR_ASSERT_LEVEL=2	GNU 11.2.0 on Linux-4.18.0-348.el8.0.2.x86_64 x86_64	2024-02-23T09:38:13	sc110	/home/yliu1047/RC/lab3/part1	69052	66	96	610	551	1	450	200	16	16	256	mult_36	auto	29.0 MiB	0.15	3793	38160	11808	23360	2992	67.4 MiB	0.16	0.00	16.4606	-892.722	-16.4606	16.4606	0.04	0.000709926	0.000647238	0.0546937	0.0500808	-1	6044	21	1.21132e+07	3.7585e+06	3.79414e+06	14820.8	0.32	0.110321	0.102371	-1	-1	-1	-1	-1	-1	-1	-1	-1	-1	-1	-1	-1	-1	-1	-1	-1	-1	-1	-1	-1	-1	-1	-1	-1	
k6_N10_mem32K_40nm.xml	diffeq2.v	common_--reorder_rr_graph_nodes_algorithm_random_shuffle	4.45	vpr	67.45 MiB		-1	-1	0.22	25304	16	0.30	-1	-1	36792	-1	-1	33	66	0	5	success	v8.0.0-9695-g109c5adcc	release IPO VTR_ASSERT_LEVEL=2	GNU 11.2.0 on Linux-4.18.0-348.el8.0.2.x86_64 x86_64	2024-02-23T09:38:13	sc110	/home/yliu1047/RC/lab3/part1	69072	66	96	610	551	1	450	200	16	16	256	mult_36	auto	29.0 MiB	0.15	3793	38160	11808	23360	2992	67.5 MiB	0.16	0.00	16.4606	-892.722	-16.4606	16.4606	0.03	0.000719053	0.000656034	0.0556982	0.0510889	-1	6044	21	1.21132e+07	3.7585e+06	3.79414e+06	14820.8	0.32	0.112755	0.104863	-1	-1	-1	-1	-1	-1	-1	-1	-1	-1	-1	-1	-1	-1	-1	-1	-1	-1	-1	-1	-1	-1	-1	-1	-1	
k6_N10_mem32K_40nm.xml	ch_intrinsics.v	common	2.77	vpr	66.14 MiB		-1	-1	0.18	22040	3	0.17	-1	-1	36300	-1	-1	69	99	1	0	success	v8.0.0-9695-g109c5adcc	release IPO VTR_ASSERT_LEVEL=2	GNU 11.2.0 on Linux-4.18.0-348.el8.0.2.x86_64 x86_64	2024-02-23T09:38:13	sc110	/home/yliu1047/RC/lab3/part1	67732	99	130	343	473	1	230	299	12	12	144	clb	auto	27.2 MiB	0.09	559	75224	22694	38565	13965	66.1 MiB	0.12	0.00	1.56598	-110.521	-1.56598	1.56598	0.01	0.000339269	0.000306928	0.0279456	0.0253523	-1	842	9	5.66058e+06	4.26669e+06	1.98188e+06	13763.1	0.02	0.0409943	0.0377088	-1	-1	-1	-1	-1	-1	-1	-1	-1	-1	-1	-1	-1	-1	-1	-1	-1	-1	-1	-1	-1	-1	-1	-1	-1	
k6_N10_mem32K_40nm.xml	ch_intrinsics.v	common_--reorder_rr_graph_nodes_algorithm_random_shuffle	2.92	vpr	66.14 MiB		-1	-1	0.18	22032	3	0.14	-1	-1	36300	-1	-1	69	99	1	0	success	v8.0.0-9695-g109c5adcc	release IPO VTR_ASSERT_LEVEL=2	GNU 11.2.0 on Linux-4.18.0-348.el8.0.2.x86_64 x86_64	2024-02-23T09:38:13	sc110	/home/yliu1047/RC/lab3/part1	67728	99	130	343	473	1	230	299	12	12	144	clb	auto	27.2 MiB	0.09	559	75224	22694	38565	13965	66.1 MiB	0.12	0.00	1.56598	-110.521	-1.56598	1.56598	0.01	0.000331594	0.000299814	0.0280056	0.0254035	-1	842	9	5.66058e+06	4.26669e+06	1.98188e+06	13763.1	0.03	0.0412318	0.0379135	-1	-1	-1	-1	-1	-1	-1	-1	-1	-1	-1	-1	-1	-1	-1	-1	-1	-1	-1	-1	-1	-1	-1	-1	-1	
k6_N10_mem32K_40nm.xml	stereovision3.v	common	2.45	vpr	64.30 MiB		-1	-1	0.37	26168	5	0.17	-1	-1	36408	-1	-1	12	10	0	0	success	v8.0.0-9695-g109c5adcc	release IPO VTR_ASSERT_LEVEL=2	GNU 11.2.0 on Linux-4.18.0-348.el8.0.2.x86_64 x86_64	2024-02-23T09:38:13	sc110	/home/yliu1047/RC/lab3/part1	65844	10	2	181	183	1	40	24	6	6	36	clb	auto	25.6 MiB	0.06	171	92	23	65	4	64.3 MiB	0.01	0.00	2.06897	-87.5695	-2.06897	2.06897	0.00	9.7363e-05	7.5652e-05	0.00138827	0.00129352	-1	160	20	646728	646728	380820.	10578.3	0.01	0.00790703	0.00707698	-1	-1	-1	-1	-1	-1	-1	-1	-1	-1	-1	-1	-1	-1	-1	-1	-1	-1	-1	-1	-1	-1	-1	-1	-1	
k6_N10_mem32K_40nm.xml	stereovision3.v	common_--reorder_rr_graph_nodes_algorithm_random_shuffle	2.64	vpr	64.31 MiB		-1	-1	0.36	26168	5	0.22	-1	-1	36408	-1	-1	12	10	0	0	success	v8.0.0-9695-g109c5adcc	release IPO VTR_ASSERT_LEVEL=2	GNU 11.2.0 on Linux-4.18.0-348.el8.0.2.x86_64 x86_64	2024-02-23T09:38:13	sc110	/home/yliu1047/RC/lab3/part1	65852	10	2	181	183	1	40	24	6	6	36	clb	auto	25.6 MiB	0.08	171	92	23	65	4	64.3 MiB	0.01	0.00	2.06897	-87.5695	-2.06897	2.06897	0.00	9.6401e-05	7.4269e-05	0.00147255	0.00136766	-1	160	20	646728	646728	380820.	10578.3	0.01	0.0081041	0.00725404	-1	-1	-1	-1	-1	-1	-1	-1	-1	-1	-1	-1	-1	-1	-1	-1	-1	-1	-1	-1	-1	-1	-1	-1	-1	
k6_frac_N10_frac_chain_depop50_mem32K_40nm.xml	blob_merge.v	common	42.12	parmys	247.35 MiB		-1	-1	8.14	253284	5	3.38	-1	-1	57356	-1	-1	457	36	0	0	success	v8.0.0-9695-g109c5adcc	release IPO VTR_ASSERT_LEVEL=2	GNU 11.2.0 on Linux-4.18.0-348.el8.0.2.x86_64 x86_64	2024-02-23T09:38:13	sc110	/home/yliu1047/RC/lab3/part1	172536	36	100	10175	7629	1	2974	593	27	27	729	clb	auto	105.5 MiB	12.32	41583	224693	66124	142277	16292	168.5 MiB	3.63	0.04	13.4767	-2200.49	-13.4767	13.4767	0.14	0.0184071	0.0163465	1.34674	1.19581	-1	70758	16	3.93038e+07	2.46296e+07	1.30886e+07	17954.2	1.49	2.09075	1.87049	-1	-1	-1	-1	-1	-1	-1	-1	-1	-1	-1	-1	-1	-1	-1	-1	-1	-1	-1	-1	-1	-1	-1	-1	-1	
k6_frac_N10_frac_chain_depop50_mem32K_40nm.xml	blob_merge.v	common_--reorder_rr_graph_nodes_algorithm_random_shuffle	41.67	parmys	243.00 MiB		-1	-1	8.01	248828	5	3.42	-1	-1	57356	-1	-1	457	36	0	0	success	v8.0.0-9695-g109c5adcc	release IPO VTR_ASSERT_LEVEL=2	GNU 11.2.0 on Linux-4.18.0-348.el8.0.2.x86_64 x86_64	2024-02-23T09:38:13	sc110	/home/yliu1047/RC/lab3/part1	172540	36	100	10175	7629	1	2974	593	27	27	729	clb	auto	105.3 MiB	12.36	41583	224693	66124	142277	16292	168.5 MiB	4.03	0.04	13.4767	-2200.49	-13.4767	13.4767	0.13	0.0156175	0.0139898	1.67194	1.46374	-1	70758	16	3.93038e+07	2.46296e+07	1.30886e+07	17954.2	1.60	2.48859	2.19588	-1	-1	-1	-1	-1	-1	-1	-1	-1	-1	-1	-1	-1	-1	-1	-1	-1	-1	-1	-1	-1	-1	-1	-1	-1	
k6_frac_N10_frac_chain_depop50_mem32K_40nm.xml	or1200.v	common	23.37	vpr	137.05 MiB		-1	-1	3.06	63188	8	2.89	-1	-1	44452	-1	-1	205	385	2	1	success	v8.0.0-9695-g109c5adcc	release IPO VTR_ASSERT_LEVEL=2	GNU 11.2.0 on Linux-4.18.0-348.el8.0.2.x86_64 x86_64	2024-02-23T09:38:13	sc110	/home/yliu1047/RC/lab3/part1	140344	385	362	4434	4322	1	2359	955	26	26	676	io	auto	61.5 MiB	2.40	30274	527467	213193	293292	20982	137.1 MiB	3.75	0.04	8.40399	-9081.54	-8.40399	8.40399	0.12	0.00785012	0.00716837	1.11059	0.984863	-1	46897	15	3.69863e+07	1.25403e+07	1.20886e+07	17882.5	1.17	1.52799	1.37486	-1	-1	-1	-1	-1	-1	-1	-1	-1	-1	-1	-1	-1	-1	-1	-1	-1	-1	-1	-1	-1	-1	-1	-1	-1	
k6_frac_N10_frac_chain_depop50_mem32K_40nm.xml	or1200.v	common_--reorder_rr_graph_nodes_algorithm_random_shuffle	23.95	vpr	137.06 MiB		-1	-1	3.02	64096	8	2.84	-1	-1	44452	-1	-1	205	385	2	1	success	v8.0.0-9695-g109c5adcc	release IPO VTR_ASSERT_LEVEL=2	GNU 11.2.0 on Linux-4.18.0-348.el8.0.2.x86_64 x86_64	2024-02-23T09:38:13	sc110	/home/yliu1047/RC/lab3/part1	140352	385	362	4434	4322	1	2359	955	26	26	676	io	auto	61.5 MiB	2.42	30274	527467	213193	293292	20982	137.1 MiB	3.79	0.05	8.40399	-9081.54	-8.40399	8.40399	0.13	0.0080373	0.00739317	1.12017	0.990127	-1	46897	15	3.69863e+07	1.25403e+07	1.20886e+07	17882.5	1.34	1.62601	1.45468	-1	-1	-1	-1	-1	-1	-1	-1	-1	-1	-1	-1	-1	-1	-1	-1	-1	-1	-1	-1	-1	-1	-1	-1	-1	
k6_frac_N10_frac_chain_depop50_mem32K_40nm.xml	mkDelayWorker32B.v	common	53.68	vpr	375.33 MiB		-1	-1	8.02	119648	5	2.86	-1	-1	47424	-1	-1	456	506	44	0	success	v8.0.0-9695-g109c5adcc	release IPO VTR_ASSERT_LEVEL=2	GNU 11.2.0 on Linux-4.18.0-348.el8.0.2.x86_64 x86_64	2024-02-23T09:38:13	sc110	/home/yliu1047/RC/lab3/part1	384340	506	553	3236	3734	1	2845	1559	50	50	2500	memory	auto	60.0 MiB	2.78	16661	1149131	546468	419788	182875	375.3 MiB	3.05	0.04	6.08946	-1918.26	-6.08946	6.08946	0.73	0.00977511	0.00893628	1.34592	1.21931	-1	22239	14	1.47946e+08	4.86882e+07	4.69174e+07	18767.0	1.68	1.81207	1.66357	-1	-1	-1	-1	-1	-1	-1	-1	-1	-1	-1	-1	-1	-1	-1	-1	-1	-1	-1	-1	-1	-1	-1	-1	-1	
k6_frac_N10_frac_chain_depop50_mem32K_40nm.xml	mkDelayWorker32B.v	common_--reorder_rr_graph_nodes_algorithm_random_shuffle	51.22	vpr	375.33 MiB		-1	-1	6.44	119740	5	2.65	-1	-1	47424	-1	-1	456	506	44	0	success	v8.0.0-9695-g109c5adcc	release IPO VTR_ASSERT_LEVEL=2	GNU 11.2.0 on Linux-4.18.0-348.el8.0.2.x86_64 x86_64	2024-02-23T09:38:13	sc110	/home/yliu1047/RC/lab3/part1	384340	506	553	3236	3734	1	2845	1559	50	50	2500	memory	auto	60.0 MiB	2.71	16661	1149131	546468	419788	182875	375.3 MiB	3.01	0.03	6.08946	-1918.26	-6.08946	6.08946	0.71	0.00965084	0.00883905	1.33302	1.20767	-1	22239	14	1.47946e+08	4.86882e+07	4.69174e+07	18767.0	1.74	1.81852	1.67056	-1	-1	-1	-1	-1	-1	-1	-1	-1	-1	-1	-1	-1	-1	-1	-1	-1	-1	-1	-1	-1	-1	-1	-1	-1	
k6_frac_N10_frac_chain_depop50_mem32K_40nm.xml	raygentop.v	common	9.90	vpr	89.09 MiB		-1	-1	1.73	45068	3	0.58	-1	-1	40216	-1	-1	112	236	1	6	success	v8.0.0-9695-g109c5adcc	release IPO VTR_ASSERT_LEVEL=2	GNU 11.2.0 on Linux-4.18.0-348.el8.0.2.x86_64 x86_64	2024-02-23T09:38:13	sc110	/home/yliu1047/RC/lab3/part1	91224	236	305	3195	3007	1	1538	660	19	19	361	io	auto	48.8 MiB	1.06	12154	313708	110969	187220	15519	89.1 MiB	1.24	0.02	4.25592	-2587.68	-4.25592	4.25592	0.04	0.00349105	0.00313616	0.347511	0.310819	-1	20784	17	1.72706e+07	8.96013e+06	6.18828e+06	17142.1	0.54	0.557931	0.50896	-1	-1	-1	-1	-1	-1	-1	-1	-1	-1	-1	-1	-1	-1	-1	-1	-1	-1	-1	-1	-1	-1	-1	-1	-1	
k6_frac_N10_frac_chain_depop50_mem32K_40nm.xml	raygentop.v	common_--reorder_rr_graph_nodes_algorithm_random_shuffle	10.03	vpr	89.07 MiB		-1	-1	1.79	45072	3	0.59	-1	-1	40216	-1	-1	112	236	1	6	success	v8.0.0-9695-g109c5adcc	release IPO VTR_ASSERT_LEVEL=2	GNU 11.2.0 on Linux-4.18.0-348.el8.0.2.x86_64 x86_64	2024-02-23T09:38:13	sc110	/home/yliu1047/RC/lab3/part1	91212	236	305	3195	3007	1	1538	660	19	19	361	io	auto	48.8 MiB	1.08	12154	313708	110969	187220	15519	89.1 MiB	1.22	0.02	4.25592	-2587.68	-4.25592	4.25592	0.04	0.00275986	0.00244659	0.33609	0.300382	-1	20784	17	1.72706e+07	8.96013e+06	6.18828e+06	17142.1	0.43	0.521726	0.475403	-1	-1	-1	-1	-1	-1	-1	-1	-1	-1	-1	-1	-1	-1	-1	-1	-1	-1	-1	-1	-1	-1	-1	-1	-1	
k6_frac_N10_frac_chain_depop50_mem32K_40nm.xml	mkSMAdapter4B.v	common	11.76	vpr	91.85 MiB		-1	-1	2.87	54532	5	1.42	-1	-1	42396	-1	-1	151	193	5	0	success	v8.0.0-9695-g109c5adcc	release IPO VTR_ASSERT_LEVEL=2	GNU 11.2.0 on Linux-4.18.0-348.el8.0.2.x86_64 x86_64	2024-02-23T09:38:13	sc110	/home/yliu1047/RC/lab3/part1	94056	193	205	2771	2705	1	1306	554	20	20	400	memory	auto	47.5 MiB	1.09	10207	232502	78676	129070	24756	91.9 MiB	1.00	0.01	4.75564	-2532.58	-4.75564	4.75564	0.06	0.00236475	0.00203792	0.277987	0.24026	-1	16525	12	2.07112e+07	1.0878e+07	6.84747e+06	17118.7	0.27	0.426083	0.380025	-1	-1	-1	-1	-1	-1	-1	-1	-1	-1	-1	-1	-1	-1	-1	-1	-1	-1	-1	-1	-1	-1	-1	-1	-1	
k6_frac_N10_frac_chain_depop50_mem32K_40nm.xml	mkSMAdapter4B.v	common_--reorder_rr_graph_nodes_algorithm_random_shuffle	11.42	vpr	91.85 MiB		-1	-1	2.84	54796	5	1.43	-1	-1	42396	-1	-1	151	193	5	0	success	v8.0.0-9695-g109c5adcc	release IPO VTR_ASSERT_LEVEL=2	GNU 11.2.0 on Linux-4.18.0-348.el8.0.2.x86_64 x86_64	2024-02-23T09:38:13	sc110	/home/yliu1047/RC/lab3/part1	94052	193	205	2771	2705	1	1306	554	20	20	400	memory	auto	47.5 MiB	1.08	10207	232502	78676	129070	24756	91.8 MiB	1.00	0.01	4.75564	-2532.58	-4.75564	4.75564	0.06	0.00233717	0.00201215	0.273821	0.235749	-1	16525	12	2.07112e+07	1.0878e+07	6.84747e+06	17118.7	0.28	0.426642	0.379251	-1	-1	-1	-1	-1	-1	-1	-1	-1	-1	-1	-1	-1	-1	-1	-1	-1	-1	-1	-1	-1	-1	-1	-1	-1	
k6_frac_N10_frac_chain_depop50_mem32K_40nm.xml	sha.v	common	7.44	vpr	83.28 MiB		-1	-1	1.16	46880	4	1.15	-1	-1	41404	-1	-1	117	38	0	0	success	v8.0.0-9695-g109c5adcc	release IPO VTR_ASSERT_LEVEL=2	GNU 11.2.0 on Linux-4.18.0-348.el8.0.2.x86_64 x86_64	2024-02-23T09:38:13	sc110	/home/yliu1047/RC/lab3/part1	85280	38	36	2744	2493	1	1026	191	15	15	225	clb	auto	46.1 MiB	0.96	8468	37523	9687	25171	2665	83.3 MiB	0.47	0.01	9.27441	-2293.9	-9.27441	9.27441	0.02	0.00158389	0.00132147	0.13681	0.113811	-1	13069	16	1.03862e+07	6.3056e+06	3.72162e+06	16540.5	0.20	0.270574	0.23718	-1	-1	-1	-1	-1	-1	-1	-1	-1	-1	-1	-1	-1	-1	-1	-1	-1	-1	-1	-1	-1	-1	-1	-1	-1	
k6_frac_N10_frac_chain_depop50_mem32K_40nm.xml	sha.v	common_--reorder_rr_graph_nodes_algorithm_random_shuffle	7.58	vpr	83.28 MiB		-1	-1	1.21	46968	4	1.17	-1	-1	41404	-1	-1	117	38	0	0	success	v8.0.0-9695-g109c5adcc	release IPO VTR_ASSERT_LEVEL=2	GNU 11.2.0 on Linux-4.18.0-348.el8.0.2.x86_64 x86_64	2024-02-23T09:38:13	sc110	/home/yliu1047/RC/lab3/part1	85276	38	36	2744	2493	1	1026	191	15	15	225	clb	auto	46.1 MiB	0.98	8468	37523	9687	25171	2665	83.3 MiB	0.47	0.01	9.27441	-2293.9	-9.27441	9.27441	0.02	0.00157856	0.0013177	0.139535	0.116481	-1	13069	16	1.03862e+07	6.3056e+06	3.72162e+06	16540.5	0.19	0.27269	0.239424	-1	-1	-1	-1	-1	-1	-1	-1	-1	-1	-1	-1	-1	-1	-1	-1	-1	-1	-1	-1	-1	-1	-1	-1	-1	
k6_frac_N10_frac_chain_depop50_mem32K_40nm.xml	spree.v	common	6.16	vpr	74.43 MiB		-1	-1	1.41	35200	16	0.41	-1	-1	38624	-1	-1	46	45	3	1	success	v8.0.0-9695-g109c5adcc	release IPO VTR_ASSERT_LEVEL=2	GNU 11.2.0 on Linux-4.18.0-348.el8.0.2.x86_64 x86_64	2024-02-23T09:38:13	sc110	/home/yliu1047/RC/lab3/part1	76216	45	32	1193	1152	1	771	127	14	14	196	memory	auto	36.9 MiB	0.60	6320	24371	7062	14806	2503	74.4 MiB	0.26	0.00	9.28856	-6225.75	-9.28856	9.28856	0.02	0.000971589	0.000796599	0.0946893	0.0791701	-1	10669	12	9.20055e+06	4.51912e+06	3.19614e+06	16306.8	0.29	0.175001	0.15408	-1	-1	-1	-1	-1	-1	-1	-1	-1	-1	-1	-1	-1	-1	-1	-1	-1	-1	-1	-1	-1	-1	-1	-1	-1	
k6_frac_N10_frac_chain_depop50_mem32K_40nm.xml	spree.v	common_--reorder_rr_graph_nodes_algorithm_random_shuffle	6.16	vpr	74.44 MiB		-1	-1	1.39	35076	16	0.43	-1	-1	38624	-1	-1	46	45	3	1	success	v8.0.0-9695-g109c5adcc	release IPO VTR_ASSERT_LEVEL=2	GNU 11.2.0 on Linux-4.18.0-348.el8.0.2.x86_64 x86_64	2024-02-23T09:38:13	sc110	/home/yliu1047/RC/lab3/part1	76224	45	32	1193	1152	1	771	127	14	14	196	memory	auto	36.9 MiB	0.60	6320	24371	7062	14806	2503	74.4 MiB	0.26	0.00	9.28856	-6225.75	-9.28856	9.28856	0.02	0.000984572	0.000808671	0.0944517	0.0789129	-1	10669	12	9.20055e+06	4.51912e+06	3.19614e+06	16306.8	0.28	0.172265	0.151945	-1	-1	-1	-1	-1	-1	-1	-1	-1	-1	-1	-1	-1	-1	-1	-1	-1	-1	-1	-1	-1	-1	-1	-1	-1	
k6_frac_N10_frac_chain_depop50_mem32K_40nm.xml	mkPktMerge.v	common	10.19	vpr	132.41 MiB		-1	-1	0.58	29200	2	0.17	-1	-1	37228	-1	-1	27	311	15	0	success	v8.0.0-9695-g109c5adcc	release IPO VTR_ASSERT_LEVEL=2	GNU 11.2.0 on Linux-4.18.0-348.el8.0.2.x86_64 x86_64	2024-02-23T09:38:13	sc110	/home/yliu1047/RC/lab3/part1	135584	311	156	1015	1158	1	965	509	28	28	784	memory	auto	35.6 MiB	0.43	8914	195485	68002	118316	9167	132.4 MiB	0.53	0.01	3.71647	-4107.75	-3.71647	3.71647	0.14	0.00200473	0.00174412	0.20751	0.180728	-1	12215	13	4.25198e+07	9.67514e+06	1.39631e+07	17810.0	0.48	0.302726	0.269685	-1	-1	-1	-1	-1	-1	-1	-1	-1	-1	-1	-1	-1	-1	-1	-1	-1	-1	-1	-1	-1	-1	-1	-1	-1	
k6_frac_N10_frac_chain_depop50_mem32K_40nm.xml	mkPktMerge.v	common_--reorder_rr_graph_nodes_algorithm_random_shuffle	10.05	vpr	132.41 MiB		-1	-1	0.58	29288	2	0.16	-1	-1	37228	-1	-1	27	311	15	0	success	v8.0.0-9695-g109c5adcc	release IPO VTR_ASSERT_LEVEL=2	GNU 11.2.0 on Linux-4.18.0-348.el8.0.2.x86_64 x86_64	2024-02-23T09:38:13	sc110	/home/yliu1047/RC/lab3/part1	135588	311	156	1015	1158	1	965	509	28	28	784	memory	auto	35.6 MiB	0.43	8914	195485	68002	118316	9167	132.4 MiB	0.53	0.01	3.71647	-4107.75	-3.71647	3.71647	0.13	0.00204412	0.00178715	0.210547	0.183529	-1	12215	13	4.25198e+07	9.67514e+06	1.39631e+07	17810.0	0.46	0.305227	0.272079	-1	-1	-1	-1	-1	-1	-1	-1	-1	-1	-1	-1	-1	-1	-1	-1	-1	-1	-1	-1	-1	-1	-1	-1	-1	
k6_frac_N10_frac_chain_depop50_mem32K_40nm.xml	boundtop.v	common	11.30	vpr	73.00 MiB		-1	-1	6.63	46808	3	0.57	-1	-1	38876	-1	-1	44	196	1	0	success	v8.0.0-9695-g109c5adcc	release IPO VTR_ASSERT_LEVEL=2	GNU 11.2.0 on Linux-4.18.0-348.el8.0.2.x86_64 x86_64	2024-02-23T09:38:13	sc110	/home/yliu1047/RC/lab3/part1	74748	196	193	1202	1347	1	609	434	15	15	225	io	auto	34.9 MiB	0.37	3205	153140	41598	99065	12477	73.0 MiB	0.37	0.00	2.00157	-971.835	-2.00157	2.00157	0.02	0.0011893	0.00107724	0.122839	0.111117	-1	5139	10	1.03862e+07	2.91934e+06	3.72162e+06	16540.5	0.09	0.176365	0.162271	-1	-1	-1	-1	-1	-1	-1	-1	-1	-1	-1	-1	-1	-1	-1	-1	-1	-1	-1	-1	-1	-1	-1	-1	-1	
k6_frac_N10_frac_chain_depop50_mem32K_40nm.xml	boundtop.v	common_--reorder_rr_graph_nodes_algorithm_random_shuffle	11.31	vpr	73.00 MiB		-1	-1	6.56	47012	3	0.54	-1	-1	38876	-1	-1	44	196	1	0	success	v8.0.0-9695-g109c5adcc	release IPO VTR_ASSERT_LEVEL=2	GNU 11.2.0 on Linux-4.18.0-348.el8.0.2.x86_64 x86_64	2024-02-23T09:38:13	sc110	/home/yliu1047/RC/lab3/part1	74748	196	193	1202	1347	1	609	434	15	15	225	io	auto	34.9 MiB	0.38	3205	153140	41598	99065	12477	73.0 MiB	0.37	0.00	2.00157	-971.835	-2.00157	2.00157	0.02	0.00120443	0.00108819	0.124945	0.113037	-1	5139	10	1.03862e+07	2.91934e+06	3.72162e+06	16540.5	0.09	0.179464	0.165128	-1	-1	-1	-1	-1	-1	-1	-1	-1	-1	-1	-1	-1	-1	-1	-1	-1	-1	-1	-1	-1	-1	-1	-1	-1	
k6_frac_N10_frac_chain_depop50_mem32K_40nm.xml	diffeq1.v	common	4.12	vpr	70.96 MiB		-1	-1	0.20	25484	5	0.17	-1	-1	36856	-1	-1	27	162	0	5	success	v8.0.0-9695-g109c5adcc	release IPO VTR_ASSERT_LEVEL=2	GNU 11.2.0 on Linux-4.18.0-348.el8.0.2.x86_64 x86_64	2024-02-23T09:38:13	sc110	/home/yliu1047/RC/lab3/part1	72660	162	96	1070	887	1	659	290	16	16	256	mult_36	auto	32.8 MiB	0.26	4865	99067	39592	52565	6910	71.0 MiB	0.33	0.00	15.6136	-1148.12	-15.6136	15.6136	0.03	0.00095084	0.000862734	0.106007	0.0965505	-1	7482	19	1.21132e+07	3.43514e+06	4.21385e+06	16460.4	0.18	0.166186	0.153657	-1	-1	-1	-1	-1	-1	-1	-1	-1	-1	-1	-1	-1	-1	-1	-1	-1	-1	-1	-1	-1	-1	-1	-1	-1	
k6_frac_N10_frac_chain_depop50_mem32K_40nm.xml	diffeq1.v	common_--reorder_rr_graph_nodes_algorithm_random_shuffle	4.43	vpr	70.95 MiB		-1	-1	0.20	25628	5	0.22	-1	-1	36856	-1	-1	27	162	0	5	success	v8.0.0-9695-g109c5adcc	release IPO VTR_ASSERT_LEVEL=2	GNU 11.2.0 on Linux-4.18.0-348.el8.0.2.x86_64 x86_64	2024-02-23T09:38:13	sc110	/home/yliu1047/RC/lab3/part1	72652	162	96	1070	887	1	659	290	16	16	256	mult_36	auto	32.8 MiB	0.29	4865	99067	39592	52565	6910	70.9 MiB	0.33	0.00	15.6136	-1148.12	-15.6136	15.6136	0.03	0.000949095	0.000860629	0.108218	0.0987148	-1	7482	19	1.21132e+07	3.43514e+06	4.21385e+06	16460.4	0.19	0.170724	0.158002	-1	-1	-1	-1	-1	-1	-1	-1	-1	-1	-1	-1	-1	-1	-1	-1	-1	-1	-1	-1	-1	-1	-1	-1	-1	
k6_frac_N10_frac_chain_depop50_mem32K_40nm.xml	diffeq2.v	common	4.42	vpr	69.54 MiB		-1	-1	0.15	24000	5	0.20	-1	-1	36624	-1	-1	18	66	0	5	success	v8.0.0-9695-g109c5adcc	release IPO VTR_ASSERT_LEVEL=2	GNU 11.2.0 on Linux-4.18.0-348.el8.0.2.x86_64 x86_64	2024-02-23T09:38:13	sc110	/home/yliu1047/RC/lab3/part1	71212	66	96	780	597	1	451	185	16	16	256	mult_36	auto	31.2 MiB	0.28	3705	47525	16466	26985	4074	69.5 MiB	0.19	0.00	11.7067	-698.841	-11.7067	11.7067	0.02	0.00067484	0.000616179	0.0691591	0.0632924	-1	6478	19	1.21132e+07	2.95009e+06	4.21385e+06	16460.4	0.27	0.115406	0.107209	-1	-1	-1	-1	-1	-1	-1	-1	-1	-1	-1	-1	-1	-1	-1	-1	-1	-1	-1	-1	-1	-1	-1	-1	-1	
k6_frac_N10_frac_chain_depop50_mem32K_40nm.xml	diffeq2.v	common_--reorder_rr_graph_nodes_algorithm_random_shuffle	4.20	vpr	69.52 MiB		-1	-1	0.15	24000	5	0.19	-1	-1	36624	-1	-1	18	66	0	5	success	v8.0.0-9695-g109c5adcc	release IPO VTR_ASSERT_LEVEL=2	GNU 11.2.0 on Linux-4.18.0-348.el8.0.2.x86_64 x86_64	2024-02-23T09:38:13	sc110	/home/yliu1047/RC/lab3/part1	71188	66	96	780	597	1	451	185	16	16	256	mult_36	auto	31.2 MiB	0.27	3705	47525	16466	26985	4074	69.5 MiB	0.19	0.00	11.7067	-698.841	-11.7067	11.7067	0.02	0.000681682	0.000617221	0.0690726	0.0631437	-1	6478	19	1.21132e+07	2.95009e+06	4.21385e+06	16460.4	0.26	0.114875	0.106677	-1	-1	-1	-1	-1	-1	-1	-1	-1	-1	-1	-1	-1	-1	-1	-1	-1	-1	-1	-1	-1	-1	-1	-1	-1	
k6_frac_N10_frac_chain_depop50_mem32K_40nm.xml	ch_intrinsics.v	common	2.95	vpr	67.95 MiB		-1	-1	0.17	22060	3	0.14	-1	-1	36300	-1	-1	65	99	1	0	success	v8.0.0-9695-g109c5adcc	release IPO VTR_ASSERT_LEVEL=2	GNU 11.2.0 on Linux-4.18.0-348.el8.0.2.x86_64 x86_64	2024-02-23T09:38:13	sc110	/home/yliu1047/RC/lab3/part1	69580	99	130	343	473	1	224	295	12	12	144	clb	auto	29.4 MiB	0.14	567	79756	26972	39854	12930	67.9 MiB	0.12	0.00	1.47901	-101.82	-1.47901	1.47901	0.01	0.000331865	0.000299844	0.0304781	0.0276598	-1	893	9	5.66058e+06	4.05111e+06	2.19596e+06	15249.7	0.02	0.0442899	0.0408105	-1	-1	-1	-1	-1	-1	-1	-1	-1	-1	-1	-1	-1	-1	-1	-1	-1	-1	-1	-1	-1	-1	-1	-1	-1	
k6_frac_N10_frac_chain_depop50_mem32K_40nm.xml	ch_intrinsics.v	common_--reorder_rr_graph_nodes_algorithm_random_shuffle	2.99	vpr	67.96 MiB		-1	-1	0.17	22056	3	0.12	-1	-1	36300	-1	-1	65	99	1	0	success	v8.0.0-9695-g109c5adcc	release IPO VTR_ASSERT_LEVEL=2	GNU 11.2.0 on Linux-4.18.0-348.el8.0.2.x86_64 x86_64	2024-02-23T09:38:13	sc110	/home/yliu1047/RC/lab3/part1	69588	99	130	343	473	1	224	295	12	12	144	clb	auto	29.4 MiB	0.14	567	79756	26972	39854	12930	68.0 MiB	0.12	0.00	1.47901	-101.82	-1.47901	1.47901	0.01	0.00032935	0.00029735	0.029913	0.027125	-1	893	9	5.66058e+06	4.05111e+06	2.19596e+06	15249.7	0.02	0.043509	0.0400804	-1	-1	-1	-1	-1	-1	-1	-1	-1	-1	-1	-1	-1	-1	-1	-1	-1	-1	-1	-1	-1	-1	-1	-1	-1	
k6_frac_N10_frac_chain_depop50_mem32K_40nm.xml	stereovision3.v	common	2.63	vpr	67.30 MiB		-1	-1	0.34	25904	4	0.21	-1	-1	35448	-1	-1	13	11	0	0	success	v8.0.0-9695-g109c5adcc	release IPO VTR_ASSERT_LEVEL=2	GNU 11.2.0 on Linux-4.18.0-348.el8.0.2.x86_64 x86_64	2024-02-23T09:38:13	sc110	/home/yliu1047/RC/lab3/part1	68916	11	2	303	283	2	70	26	7	7	49	clb	auto	28.7 MiB	0.15	239	1888	422	1319	147	67.3 MiB	0.02	0.00	1.86328	-153.51	-1.86328	1.77171	0.00	0.000153067	0.000118793	0.0107186	0.00893997	-1	382	8	1.07788e+06	700622	632385.	12905.8	0.01	0.0216498	0.019242	-1	-1	-1	-1	-1	-1	-1	-1	-1	-1	-1	-1	-1	-1	-1	-1	-1	-1	-1	-1	-1	-1	-1	-1	-1	
k6_frac_N10_frac_chain_depop50_mem32K_40nm.xml	stereovision3.v	common_--reorder_rr_graph_nodes_algorithm_random_shuffle	2.87	vpr	67.22 MiB		-1	-1	0.33	25904	4	0.20	-1	-1	35448	-1	-1	13	11	0	0	success	v8.0.0-9695-g109c5adcc	release IPO VTR_ASSERT_LEVEL=2	GNU 11.2.0 on Linux-4.18.0-348.el8.0.2.x86_64 x86_64	2024-02-23T09:38:13	sc110	/home/yliu1047/RC/lab3/part1	68832	11	2	303	283	2	70	26	7	7	49	clb	auto	28.7 MiB	0.14	239	1888	422	1319	147	67.2 MiB	0.02	0.00	1.86328	-153.51	-1.86328	1.77171	0.00	0.000156364	0.000121699	0.0108816	0.0090557	-1	382	8	1.07788e+06	700622	632385.	12905.8	0.01	0.0223723	0.0198942	-1	-1	-1	-1	-1	-1	-1	-1	-1	-1	-1	-1	-1	-1	-1	-1	-1	-1	-1	-1	-1	-1	-1	-1	-1	
k6_N5_I20_O5_mem32K_40nm.xml	blob_merge.v	common	47.08	parmys	288.50 MiB		-1	-1	8.21	295428	7	10.22	-1	-1	61096	-1	-1	1359	36	0	0	success	v8.0.0-9695-g109c5adcc	release IPO VTR_ASSERT_LEVEL=2	GNU 11.2.0 on Linux-4.18.0-348.el8.0.2.x86_64 x86_64	2024-02-23T09:38:13	sc110	/home/yliu1047/RC/lab3/part1	284852	36	100	6840	6940	1	4121	1495	45	45	2025	clb	auto	86.4 MiB	1.03	72221	753455	265228	466970	21257	278.2 MiB	5.57	0.06	6.21462	-2407.98	-6.21462	6.21462	0.55	0.010452	0.00913544	0.862752	0.738657	-1	102683	18	7.98954e+07	3.66217e+07	2.89237e+07	14283.3	1.73	1.32486	1.15128	-1	-1	-1	-1	-1	-1	-1	-1	-1	-1	-1	-1	-1	-1	-1	-1	-1	-1	-1	-1	-1	-1	-1	-1	-1	
k6_N5_I20_O5_mem32K_40nm.xml	blob_merge.v	common_--reorder_rr_graph_nodes_algorithm_random_shuffle	46.48	parmys	288.63 MiB		-1	-1	8.16	295560	7	10.44	-1	-1	61096	-1	-1	1359	36	0	0	success	v8.0.0-9695-g109c5adcc	release IPO VTR_ASSERT_LEVEL=2	GNU 11.2.0 on Linux-4.18.0-348.el8.0.2.x86_64 x86_64	2024-02-23T09:38:13	sc110	/home/yliu1047/RC/lab3/part1	284596	36	100	6840	6940	1	4121	1495	45	45	2025	clb	auto	86.2 MiB	1.01	72221	753455	265228	466970	21257	277.9 MiB	5.40	0.06	6.21462	-2407.98	-6.21462	6.21462	0.55	0.00802477	0.00676504	0.790789	0.656454	-1	102683	18	7.98954e+07	3.66217e+07	2.89237e+07	14283.3	1.80	1.28484	1.09529	-1	-1	-1	-1	-1	-1	-1	-1	-1	-1	-1	-1	-1	-1	-1	-1	-1	-1	-1	-1	-1	-1	-1	-1	-1	
k6_N5_I20_O5_mem32K_40nm.xml	or1200.v	common	20.55	vpr	139.20 MiB		-1	-1	2.80	69368	27	3.66	-1	-1	44612	-1	-1	578	385	2	1	success	v8.0.0-9695-g109c5adcc	release IPO VTR_ASSERT_LEVEL=2	GNU 11.2.0 on Linux-4.18.0-348.el8.0.2.x86_64 x86_64	2024-02-23T09:38:13	sc110	/home/yliu1047/RC/lab3/part1	142544	385	394	3884	4215	1	2524	1360	30	30	900	clb	auto	55.8 MiB	0.62	37415	716900	248418	441670	26812	139.2 MiB	3.24	0.04	14.5093	-13379.5	-14.5093	14.5093	0.14	0.00565497	0.00511265	0.58215	0.521966	-1	50249	18	3.29291e+07	1.70674e+07	1.25002e+07	13889.1	1.41	0.908224	0.824322	-1	-1	-1	-1	-1	-1	-1	-1	-1	-1	-1	-1	-1	-1	-1	-1	-1	-1	-1	-1	-1	-1	-1	-1	-1	
k6_N5_I20_O5_mem32K_40nm.xml	or1200.v	common_--reorder_rr_graph_nodes_algorithm_random_shuffle	20.88	vpr	139.21 MiB		-1	-1	2.80	68936	27	3.70	-1	-1	44612	-1	-1	578	385	2	1	success	v8.0.0-9695-g109c5adcc	release IPO VTR_ASSERT_LEVEL=2	GNU 11.2.0 on Linux-4.18.0-348.el8.0.2.x86_64 x86_64	2024-02-23T09:38:13	sc110	/home/yliu1047/RC/lab3/part1	142548	385	394	3884	4215	1	2524	1360	30	30	900	clb	auto	56.0 MiB	0.63	37415	716900	248418	441670	26812	139.2 MiB	3.36	0.04	14.5093	-13379.5	-14.5093	14.5093	0.14	0.00595073	0.00540661	0.666862	0.595355	-1	50249	18	3.29291e+07	1.70674e+07	1.25002e+07	13889.1	1.40	0.99246	0.896403	-1	-1	-1	-1	-1	-1	-1	-1	-1	-1	-1	-1	-1	-1	-1	-1	-1	-1	-1	-1	-1	-1	-1	-1	-1	
k6_N5_I20_O5_mem32K_40nm.xml	mkDelayWorker32B.v	common	38.59	vpr	307.06 MiB		-1	-1	6.83	126240	5	2.83	-1	-1	59816	-1	-1	587	506	47	0	success	v8.0.0-9695-g109c5adcc	release IPO VTR_ASSERT_LEVEL=2	GNU 11.2.0 on Linux-4.18.0-348.el8.0.2.x86_64 x86_64	2024-02-23T09:38:13	sc110	/home/yliu1047/RC/lab3/part1	314432	506	553	3055	3608	1	2866	1693	50	50	2500	memory	auto	52.7 MiB	1.92	14322	1322959	646187	461569	215203	307.1 MiB	2.98	0.03	7.10237	-1820.55	-7.10237	7.10237	0.72	0.00866857	0.00795708	1.21261	1.10286	-1	19756	15	1.01379e+08	4.15745e+07	3.60427e+07	14417.1	1.48	1.61824	1.48744	-1	-1	-1	-1	-1	-1	-1	-1	-1	-1	-1	-1	-1	-1	-1	-1	-1	-1	-1	-1	-1	-1	-1	-1	-1	
k6_N5_I20_O5_mem32K_40nm.xml	mkDelayWorker32B.v	common_--reorder_rr_graph_nodes_algorithm_random_shuffle	38.04	vpr	307.06 MiB		-1	-1	6.86	124652	5	2.83	-1	-1	59816	-1	-1	587	506	47	0	success	v8.0.0-9695-g109c5adcc	release IPO VTR_ASSERT_LEVEL=2	GNU 11.2.0 on Linux-4.18.0-348.el8.0.2.x86_64 x86_64	2024-02-23T09:38:13	sc110	/home/yliu1047/RC/lab3/part1	314432	506	553	3055	3608	1	2866	1693	50	50	2500	memory	auto	52.7 MiB	1.91	14322	1322959	646187	461569	215203	307.1 MiB	2.93	0.03	7.10237	-1820.55	-7.10237	7.10237	0.72	0.00849895	0.00777587	1.17493	1.06712	-1	19756	15	1.01379e+08	4.15745e+07	3.60427e+07	14417.1	1.46	1.57387	1.44501	-1	-1	-1	-1	-1	-1	-1	-1	-1	-1	-1	-1	-1	-1	-1	-1	-1	-1	-1	-1	-1	-1	-1	-1	-1	
k6_N5_I20_O5_mem32K_40nm.xml	raygentop.v	common	11.06	vpr	91.55 MiB		-1	-1	2.17	48136	8	0.95	-1	-1	40876	-1	-1	320	235	1	6	success	v8.0.0-9695-g109c5adcc	release IPO VTR_ASSERT_LEVEL=2	GNU 11.2.0 on Linux-4.18.0-348.el8.0.2.x86_64 x86_64	2024-02-23T09:38:13	sc110	/home/yliu1047/RC/lab3/part1	93748	235	305	2594	2755	1	1591	867	23	23	529	clb	auto	42.6 MiB	0.34	14374	327295	105785	208700	12810	91.6 MiB	1.24	0.02	4.83099	-2618.44	-4.83099	4.83099	0.09	0.00308952	0.00279636	0.256095	0.228609	-1	21836	25	1.79462e+07	1.1547e+07	7.15352e+06	13522.7	1.10	0.460648	0.416528	-1	-1	-1	-1	-1	-1	-1	-1	-1	-1	-1	-1	-1	-1	-1	-1	-1	-1	-1	-1	-1	-1	-1	-1	-1	
k6_N5_I20_O5_mem32K_40nm.xml	raygentop.v	common_--reorder_rr_graph_nodes_algorithm_random_shuffle	11.03	vpr	91.57 MiB		-1	-1	2.18	48236	8	0.96	-1	-1	40876	-1	-1	320	235	1	6	success	v8.0.0-9695-g109c5adcc	release IPO VTR_ASSERT_LEVEL=2	GNU 11.2.0 on Linux-4.18.0-348.el8.0.2.x86_64 x86_64	2024-02-23T09:38:13	sc110	/home/yliu1047/RC/lab3/part1	93764	235	305	2594	2755	1	1591	867	23	23	529	clb	auto	42.6 MiB	0.33	14374	327295	105785	208700	12810	91.6 MiB	1.20	0.02	4.83099	-2618.44	-4.83099	4.83099	0.09	0.00266014	0.00238158	0.235411	0.209072	-1	21836	25	1.79462e+07	1.1547e+07	7.15352e+06	13522.7	1.05	0.432481	0.390628	-1	-1	-1	-1	-1	-1	-1	-1	-1	-1	-1	-1	-1	-1	-1	-1	-1	-1	-1	-1	-1	-1	-1	-1	-1	
k6_N5_I20_O5_mem32K_40nm.xml	mkSMAdapter4B.v	common	11.89	vpr	85.84 MiB		-1	-1	3.15	57080	7	1.96	-1	-1	41112	-1	-1	292	193	5	0	success	v8.0.0-9695-g109c5adcc	release IPO VTR_ASSERT_LEVEL=2	GNU 11.2.0 on Linux-4.18.0-348.el8.0.2.x86_64 x86_64	2024-02-23T09:38:13	sc110	/home/yliu1047/RC/lab3/part1	87896	193	205	2152	2357	1	1252	695	22	22	484	clb	auto	40.2 MiB	0.36	11615	314549	92483	191241	30825	85.8 MiB	1.07	0.01	4.89217	-2773.69	-4.89217	4.89217	0.07	0.00206737	0.00179795	0.233744	0.201398	-1	16634	20	1.69761e+07	1.06085e+07	6.53768e+06	13507.6	0.32	0.369173	0.325415	-1	-1	-1	-1	-1	-1	-1	-1	-1	-1	-1	-1	-1	-1	-1	-1	-1	-1	-1	-1	-1	-1	-1	-1	-1	
k6_N5_I20_O5_mem32K_40nm.xml	mkSMAdapter4B.v	common_--reorder_rr_graph_nodes_algorithm_random_shuffle	12.15	vpr	85.84 MiB		-1	-1	3.11	57264	7	1.98	-1	-1	41112	-1	-1	292	193	5	0	success	v8.0.0-9695-g109c5adcc	release IPO VTR_ASSERT_LEVEL=2	GNU 11.2.0 on Linux-4.18.0-348.el8.0.2.x86_64 x86_64	2024-02-23T09:38:13	sc110	/home/yliu1047/RC/lab3/part1	87900	193	205	2152	2357	1	1252	695	22	22	484	clb	auto	40.2 MiB	0.35	11615	314549	92483	191241	30825	85.8 MiB	1.08	0.01	4.89217	-2773.69	-4.89217	4.89217	0.07	0.00208854	0.00181815	0.240959	0.208357	-1	16634	20	1.69761e+07	1.06085e+07	6.53768e+06	13507.6	0.35	0.383441	0.338574	-1	-1	-1	-1	-1	-1	-1	-1	-1	-1	-1	-1	-1	-1	-1	-1	-1	-1	-1	-1	-1	-1	-1	-1	-1	
k6_N5_I20_O5_mem32K_40nm.xml	sha.v	common	10.11	vpr	99.03 MiB		-1	-1	1.38	49768	21	1.90	-1	-1	44044	-1	-1	337	38	0	0	success	v8.0.0-9695-g109c5adcc	release IPO VTR_ASSERT_LEVEL=2	GNU 11.2.0 on Linux-4.18.0-348.el8.0.2.x86_64 x86_64	2024-02-23T09:38:13	sc110	/home/yliu1047/RC/lab3/part1	101404	38	36	2570	2606	1	1195	411	24	24	576	clb	auto	43.8 MiB	0.36	13726	95085	24622	66991	3472	99.0 MiB	0.62	0.01	13.2963	-2736.19	-13.2963	13.2963	0.09	0.00174849	0.0014446	0.13021	0.106216	-1	19496	22	2.03574e+07	9.08114e+06	7.84548e+06	13620.6	0.33	0.265031	0.225911	-1	-1	-1	-1	-1	-1	-1	-1	-1	-1	-1	-1	-1	-1	-1	-1	-1	-1	-1	-1	-1	-1	-1	-1	-1	
k6_N5_I20_O5_mem32K_40nm.xml	sha.v	common_--reorder_rr_graph_nodes_algorithm_random_shuffle	10.18	vpr	99.05 MiB		-1	-1	1.39	49864	21	1.93	-1	-1	44044	-1	-1	337	38	0	0	success	v8.0.0-9695-g109c5adcc	release IPO VTR_ASSERT_LEVEL=2	GNU 11.2.0 on Linux-4.18.0-348.el8.0.2.x86_64 x86_64	2024-02-23T09:38:13	sc110	/home/yliu1047/RC/lab3/part1	101432	38	36	2570	2606	1	1195	411	24	24	576	clb	auto	43.6 MiB	0.37	13726	95085	24622	66991	3472	99.1 MiB	0.61	0.01	13.2963	-2736.19	-13.2963	13.2963	0.09	0.00175204	0.00143804	0.131197	0.107135	-1	19496	22	2.03574e+07	9.08114e+06	7.84548e+06	13620.6	0.33	0.263218	0.223948	-1	-1	-1	-1	-1	-1	-1	-1	-1	-1	-1	-1	-1	-1	-1	-1	-1	-1	-1	-1	-1	-1	-1	-1	-1	
k6_N5_I20_O5_mem32K_40nm.xml	spree.v	common	6.29	vpr	70.88 MiB		-1	-1	1.43	35596	16	0.51	-1	-1	38136	-1	-1	151	45	3	1	success	v8.0.0-9695-g109c5adcc	release IPO VTR_ASSERT_LEVEL=2	GNU 11.2.0 on Linux-4.18.0-348.el8.0.2.x86_64 x86_64	2024-02-23T09:38:13	sc110	/home/yliu1047/RC/lab3/part1	72576	45	32	1125	1142	1	791	232	17	17	289	clb	auto	33.0 MiB	0.23	8615	40104	9475	27628	3001	70.9 MiB	0.26	0.00	11.119	-7042.05	-11.119	11.119	0.03	0.000976668	0.000794224	0.0690386	0.0560636	-1	12422	14	9.01426e+06	6.109e+06	3.75210e+06	12983.0	0.61	0.130627	0.111766	-1	-1	-1	-1	-1	-1	-1	-1	-1	-1	-1	-1	-1	-1	-1	-1	-1	-1	-1	-1	-1	-1	-1	-1	-1	
k6_N5_I20_O5_mem32K_40nm.xml	spree.v	common_--reorder_rr_graph_nodes_algorithm_random_shuffle	6.59	vpr	70.87 MiB		-1	-1	1.42	35484	16	0.49	-1	-1	38136	-1	-1	151	45	3	1	success	v8.0.0-9695-g109c5adcc	release IPO VTR_ASSERT_LEVEL=2	GNU 11.2.0 on Linux-4.18.0-348.el8.0.2.x86_64 x86_64	2024-02-23T09:38:13	sc110	/home/yliu1047/RC/lab3/part1	72568	45	32	1125	1142	1	791	232	17	17	289	clb	auto	33.0 MiB	0.23	8615	40104	9475	27628	3001	70.9 MiB	0.27	0.00	11.119	-7042.05	-11.119	11.119	0.03	0.000992377	0.000808291	0.0698997	0.0566876	-1	12422	14	9.01426e+06	6.109e+06	3.75210e+06	12983.0	0.66	0.133957	0.114535	-1	-1	-1	-1	-1	-1	-1	-1	-1	-1	-1	-1	-1	-1	-1	-1	-1	-1	-1	-1	-1	-1	-1	-1	-1	
k6_N5_I20_O5_mem32K_40nm.xml	mkPktMerge.v	common	9.98	vpr	111.67 MiB		-1	-1	0.58	29260	2	0.18	-1	-1	37424	-1	-1	49	311	15	0	success	v8.0.0-9695-g109c5adcc	release IPO VTR_ASSERT_LEVEL=2	GNU 11.2.0 on Linux-4.18.0-348.el8.0.2.x86_64 x86_64	2024-02-23T09:38:13	sc110	/home/yliu1047/RC/lab3/part1	114352	311	156	972	1128	1	953	531	28	28	784	memory	auto	32.5 MiB	0.31	8065	221878	81019	130351	10508	111.7 MiB	0.60	0.01	3.78915	-4038.39	-3.78915	3.78915	0.14	0.00201729	0.00175363	0.224382	0.194409	-1	11094	13	2.9208e+07	9.5404e+06	1.08414e+07	13828.3	1.43	0.312627	0.276363	-1	-1	-1	-1	-1	-1	-1	-1	-1	-1	-1	-1	-1	-1	-1	-1	-1	-1	-1	-1	-1	-1	-1	-1	-1	
k6_N5_I20_O5_mem32K_40nm.xml	mkPktMerge.v	common_--reorder_rr_graph_nodes_algorithm_random_shuffle	9.56	vpr	111.67 MiB		-1	-1	0.58	29276	2	0.16	-1	-1	37424	-1	-1	49	311	15	0	success	v8.0.0-9695-g109c5adcc	release IPO VTR_ASSERT_LEVEL=2	GNU 11.2.0 on Linux-4.18.0-348.el8.0.2.x86_64 x86_64	2024-02-23T09:38:13	sc110	/home/yliu1047/RC/lab3/part1	114352	311	156	972	1128	1	953	531	28	28	784	memory	auto	32.5 MiB	0.31	8065	221878	81019	130351	10508	111.7 MiB	0.58	0.01	3.78915	-4038.39	-3.78915	3.78915	0.14	0.00198795	0.00173016	0.217372	0.188223	-1	11094	13	2.9208e+07	9.5404e+06	1.08414e+07	13828.3	1.32	0.304225	0.268973	-1	-1	-1	-1	-1	-1	-1	-1	-1	-1	-1	-1	-1	-1	-1	-1	-1	-1	-1	-1	-1	-1	-1	-1	-1	
k6_N5_I20_O5_mem32K_40nm.xml	boundtop.v	common	9.75	vpr	69.23 MiB		-1	-1	6.11	34912	4	0.28	-1	-1	37436	-1	-1	114	195	1	0	success	v8.0.0-9695-g109c5adcc	release IPO VTR_ASSERT_LEVEL=2	GNU 11.2.0 on Linux-4.18.0-348.el8.0.2.x86_64 x86_64	2024-02-23T09:38:13	sc110	/home/yliu1047/RC/lab3/part1	70888	195	193	1088	1281	1	623	503	15	15	225	io clb	auto	31.2 MiB	0.14	3262	108449	27053	74672	6724	69.2 MiB	0.27	0.00	2.41294	-1060.99	-2.41294	2.41294	0.02	0.00120143	0.00109227	0.0720669	0.0649162	-1	4827	20	6.88311e+06	3.61996e+06	2.87718e+06	12787.5	0.19	0.13733	0.126029	-1	-1	-1	-1	-1	-1	-1	-1	-1	-1	-1	-1	-1	-1	-1	-1	-1	-1	-1	-1	-1	-1	-1	-1	-1	
k6_N5_I20_O5_mem32K_40nm.xml	boundtop.v	common_--reorder_rr_graph_nodes_algorithm_random_shuffle	9.89	vpr	69.14 MiB		-1	-1	6.18	35088	4	0.28	-1	-1	37436	-1	-1	114	195	1	0	success	v8.0.0-9695-g109c5adcc	release IPO VTR_ASSERT_LEVEL=2	GNU 11.2.0 on Linux-4.18.0-348.el8.0.2.x86_64 x86_64	2024-02-23T09:38:13	sc110	/home/yliu1047/RC/lab3/part1	70800	195	193	1088	1281	1	623	503	15	15	225	io clb	auto	31.2 MiB	0.13	3262	108449	27053	74672	6724	69.1 MiB	0.27	0.00	2.41294	-1060.99	-2.41294	2.41294	0.02	0.00119427	0.00108465	0.071687	0.0644729	-1	4827	20	6.88311e+06	3.61996e+06	2.87718e+06	12787.5	0.19	0.137186	0.125817	-1	-1	-1	-1	-1	-1	-1	-1	-1	-1	-1	-1	-1	-1	-1	-1	-1	-1	-1	-1	-1	-1	-1	-1	-1	
k6_N5_I20_O5_mem32K_40nm.xml	diffeq1.v	common	4.47	vpr	68.98 MiB		-1	-1	0.24	26632	15	0.36	-1	-1	37300	-1	-1	98	162	0	5	success	v8.0.0-9695-g109c5adcc	release IPO VTR_ASSERT_LEVEL=2	GNU 11.2.0 on Linux-4.18.0-348.el8.0.2.x86_64 x86_64	2024-02-23T09:38:13	sc110	/home/yliu1047/RC/lab3/part1	70636	162	96	994	935	1	716	361	16	16	256	mult_36	auto	30.7 MiB	0.15	5763	94093	25152	61376	7565	69.0 MiB	0.32	0.01	20.9552	-1740.63	-20.9552	20.9552	0.03	0.00110673	0.000996625	0.0828542	0.0748784	-1	9006	22	8.34058e+06	4.62081e+06	3.31797e+06	12960.8	0.39	0.149131	0.136826	-1	-1	-1	-1	-1	-1	-1	-1	-1	-1	-1	-1	-1	-1	-1	-1	-1	-1	-1	-1	-1	-1	-1	-1	-1	
k6_N5_I20_O5_mem32K_40nm.xml	diffeq1.v	common_--reorder_rr_graph_nodes_algorithm_random_shuffle	4.30	vpr	68.99 MiB		-1	-1	0.24	26620	15	0.36	-1	-1	37300	-1	-1	98	162	0	5	success	v8.0.0-9695-g109c5adcc	release IPO VTR_ASSERT_LEVEL=2	GNU 11.2.0 on Linux-4.18.0-348.el8.0.2.x86_64 x86_64	2024-02-23T09:38:13	sc110	/home/yliu1047/RC/lab3/part1	70648	162	96	994	935	1	716	361	16	16	256	mult_36	auto	30.7 MiB	0.15	5763	94093	25152	61376	7565	69.0 MiB	0.32	0.01	20.9552	-1740.63	-20.9552	20.9552	0.03	0.00102044	0.000923157	0.082465	0.074494	-1	9006	22	8.34058e+06	4.62081e+06	3.31797e+06	12960.8	0.40	0.15231	0.139619	-1	-1	-1	-1	-1	-1	-1	-1	-1	-1	-1	-1	-1	-1	-1	-1	-1	-1	-1	-1	-1	-1	-1	-1	-1	
k6_N5_I20_O5_mem32K_40nm.xml	diffeq2.v	common	4.06	vpr	66.92 MiB		-1	-1	0.19	25500	16	0.29	-1	-1	36792	-1	-1	62	66	0	5	success	v8.0.0-9695-g109c5adcc	release IPO VTR_ASSERT_LEVEL=2	GNU 11.2.0 on Linux-4.18.0-348.el8.0.2.x86_64 x86_64	2024-02-23T09:38:13	sc110	/home/yliu1047/RC/lab3/part1	68524	66	96	610	551	1	465	229	16	16	256	mult_36	auto	28.6 MiB	0.12	4027	46429	12196	29985	4248	66.9 MiB	0.17	0.00	16.5395	-933.225	-16.5395	16.5395	0.03	0.000706069	0.000644032	0.0515381	0.0465648	-1	6791	21	8.34058e+06	3.65071e+06	3.31797e+06	12960.8	0.29	0.0956844	0.0879521	-1	-1	-1	-1	-1	-1	-1	-1	-1	-1	-1	-1	-1	-1	-1	-1	-1	-1	-1	-1	-1	-1	-1	-1	-1	
k6_N5_I20_O5_mem32K_40nm.xml	diffeq2.v	common_--reorder_rr_graph_nodes_algorithm_random_shuffle	3.87	vpr	66.88 MiB		-1	-1	0.20	25468	16	0.29	-1	-1	36792	-1	-1	62	66	0	5	success	v8.0.0-9695-g109c5adcc	release IPO VTR_ASSERT_LEVEL=2	GNU 11.2.0 on Linux-4.18.0-348.el8.0.2.x86_64 x86_64	2024-02-23T09:38:13	sc110	/home/yliu1047/RC/lab3/part1	68488	66	96	610	551	1	465	229	16	16	256	mult_36	auto	28.4 MiB	0.12	4027	46429	12196	29985	4248	66.9 MiB	0.17	0.00	16.5395	-933.225	-16.5395	16.5395	0.03	0.000699026	0.000639233	0.0513887	0.0466906	-1	6791	21	8.34058e+06	3.65071e+06	3.31797e+06	12960.8	0.29	0.0951082	0.0876992	-1	-1	-1	-1	-1	-1	-1	-1	-1	-1	-1	-1	-1	-1	-1	-1	-1	-1	-1	-1	-1	-1	-1	-1	-1	
k6_N5_I20_O5_mem32K_40nm.xml	ch_intrinsics.v	common	2.63	vpr	65.51 MiB		-1	-1	0.17	22052	3	0.17	-1	-1	36300	-1	-1	80	99	1	0	success	v8.0.0-9695-g109c5adcc	release IPO VTR_ASSERT_LEVEL=2	GNU 11.2.0 on Linux-4.18.0-348.el8.0.2.x86_64 x86_64	2024-02-23T09:38:13	sc110	/home/yliu1047/RC/lab3/part1	67080	99	130	343	473	1	241	310	13	13	169	clb	auto	26.6 MiB	0.08	634	81006	20643	46207	14156	65.5 MiB	0.12	0.00	1.87579	-112.984	-1.87579	1.87579	0.01	0.0003351	0.000302639	0.0273198	0.0246511	-1	1108	17	4.25934e+06	2.70376e+06	2.06885e+06	12241.7	0.03	0.0427382	0.0390415	-1	-1	-1	-1	-1	-1	-1	-1	-1	-1	-1	-1	-1	-1	-1	-1	-1	-1	-1	-1	-1	-1	-1	-1	-1	
k6_N5_I20_O5_mem32K_40nm.xml	ch_intrinsics.v	common_--reorder_rr_graph_nodes_algorithm_random_shuffle	2.80	vpr	65.52 MiB		-1	-1	0.17	22020	3	0.18	-1	-1	36300	-1	-1	80	99	1	0	success	v8.0.0-9695-g109c5adcc	release IPO VTR_ASSERT_LEVEL=2	GNU 11.2.0 on Linux-4.18.0-348.el8.0.2.x86_64 x86_64	2024-02-23T09:38:13	sc110	/home/yliu1047/RC/lab3/part1	67092	99	130	343	473	1	241	310	13	13	169	clb	auto	26.6 MiB	0.08	634	81006	20643	46207	14156	65.5 MiB	0.12	0.00	1.87579	-112.984	-1.87579	1.87579	0.01	0.000333979	0.000301598	0.027206	0.0245591	-1	1108	17	4.25934e+06	2.70376e+06	2.06885e+06	12241.7	0.03	0.0426002	0.0389301	-1	-1	-1	-1	-1	-1	-1	-1	-1	-1	-1	-1	-1	-1	-1	-1	-1	-1	-1	-1	-1	-1	-1	-1	-1	
k6_N5_I20_O5_mem32K_40nm.xml	stereovision3.v	common	2.68	vpr	63.71 MiB		-1	-1	0.34	26160	5	0.22	-1	-1	36408	-1	-1	21	10	0	0	success	v8.0.0-9695-g109c5adcc	release IPO VTR_ASSERT_LEVEL=2	GNU 11.2.0 on Linux-4.18.0-348.el8.0.2.x86_64 x86_64	2024-02-23T09:38:13	sc110	/home/yliu1047/RC/lab3/part1	65244	10	2	181	183	1	42	33	8	8	64	clb	auto	25.0 MiB	0.07	199	865	135	671	59	63.7 MiB	0.01	0.00	2.21635	-87.5701	-2.21635	2.21635	0.00	7.5702e-05	5.875e-05	0.0020626	0.0017125	-1	284	16	1.59073e+06	565887	707022.	11047.2	0.01	0.00677334	0.00584045	-1	-1	-1	-1	-1	-1	-1	-1	-1	-1	-1	-1	-1	-1	-1	-1	-1	-1	-1	-1	-1	-1	-1	-1	-1	
k6_N5_I20_O5_mem32K_40nm.xml	stereovision3.v	common_--reorder_rr_graph_nodes_algorithm_random_shuffle	3.37	vpr	63.71 MiB		-1	-1	0.34	26116	5	0.18	-1	-1	36404	-1	-1	21	10	0	0	success	v8.0.0-9695-g109c5adcc	release IPO VTR_ASSERT_LEVEL=2	GNU 11.2.0 on Linux-4.18.0-348.el8.0.2.x86_64 x86_64	2024-02-23T09:38:13	sc110	/home/yliu1047/RC/lab3/part1	65240	10	2	181	183	1	42	33	8	8	64	clb	auto	25.0 MiB	0.08	199	865	135	671	59	63.7 MiB	0.01	0.00	2.21635	-87.5701	-2.21635	2.21635	0.00	7.7145e-05	6.0013e-05	0.00210424	0.00174312	-1	284	16	1.59073e+06	565887	707022.	11047.2	0.01	0.00677508	0.00583586	-1	-1	-1	-1	-1	-1	-1	-1	-1	-1	-1	-1	-1	-1	-1	-1	-1	-1	-1	-1	-1	-1	-1	-1	-1	
